10
-1 61 22 32 94 65 2 89 55 69
61 -1 98 22 22 9 93 32 33 81
22 98 -1 94 74 67 22 29 14 64
32 22 94 -1 100 9 61 86 26 28
94 22 74 100 -1 92 73 55 82 100
65 9 67 9 92 -1 11 70 50 90
2 93 22 61 73 11 -1 44 80 71
89 32 29 86 55 70 44 -1 43 84
55 33 14 26 82 50 80 43 -1 12
69 81 64 28 100 90 71 84 12 -1